<?xml version="1.0"?>
<opencv_storage>
<calibration_Time>"Wed Oct 25 19:50:16 2023"</calibration_Time>
<image_Width>6016</image_Width>
<image_Height>4016</image_Height>
<Camera_Matrix type_id="opencv-matrix">
  <rows>3</rows>
  <cols>3</cols>
  <dt>d</dt>
  <data>
    5.83150791505400775e+03 0. 3.00136801089670917e+03 0.
    5.83150791505400775e+03 1.37946717666461609e+03 0. 0. 1.</data></Camera_Matrix>
<Distortion_Coefficients type_id="opencv-matrix">
  <rows>5</rows>
  <cols>1</cols>
  <dt>d</dt>
  <data>
    -9.42239799507993067e-03 2.58838136137565823e-02 -2.42876926905159565e-02 -7.27347133119066484e-04
    -2.18876668576053826e-02</data></Distortion_Coefficients>
</opencv_storage>
